file_count: 3952
EMI_count: 478
total_real_time: 2566.6899999999923
total_user_time: 124.90999999999956
total_sys_time: 28.94000000000018
