file_count: 3958
EMI_count: 478
total_real_time: 2579.4399999999923
total_user_time: 125.40999999999954
total_sys_time: 29.110000000000177
