file_count: 3969
EMI_count: 478
total_real_time: 2600.7299999999927
total_user_time: 126.2099999999995
total_sys_time: 29.260000000000186
