file_count: 92
EMI_count: 0
total_real_time: 213.79999999999998
total_user_time: 9.769999999999994
total_sys_time: 2.0200000000000014
