file_count: 2666
EMI_count: 1588
total_real_time: 742.1099999999988
total_user_time: 560.2800000000017
total_sys_time: 182.96000000000035
