file_count: 2644
EMI_count: 1588
total_real_time: 734.1199999999989
total_user_time: 554.5300000000017
total_sys_time: 180.9100000000003
