file_count: 2702
EMI_count: 1588
total_real_time: 756.3599999999991
total_user_time: 568.2300000000012
total_sys_time: 188.31000000000043
