file_count: 2628
EMI_count: 1588
total_real_time: 727.269999999999
total_user_time: 551.2800000000017
total_sys_time: 179.4600000000003
