file_count: 2749
EMI_count: 1593
total_real_time: 771.6899999999996
total_user_time: 578.9000000000015
total_sys_time: 192.74000000000052
